0.544
27	9
21	15
12	24
28	8
16	20
19	17
23	13
21	15
20	16
14	22
13	23
21	15
13	23
12	24
18	18
25	11
9	27
14	22
13	23
28	8
22	14
25	11
25	11
10	26
1	35
22	14
11	25
24	12
11	25
8	28
6	30
19	17
18	18
24	12
1	35
29	7
10	26
23	13
3	33
17	19
14	22
13	23
1	27
16	19
15	21
14	22
31	5
13	23
8	28
12	24
1	35
12	24
19	17
17	19
25	10
29	7
30	6
4	29
23	13
12	24
15	21
18	18
16	20
9	27
22	14
5	31
20	16
18	18
10	26
18	18
23	13
5	31
15	21
4	32
18	18
18	18
16	20
17	19
16	20
27	9
17	19
19	17
26	10
9	27
22	14
17	19
12	24
10	26
17	19
26	10
23	13
10	26
25	11
11	25
25	10
25	11
14	22
5	31
10	26
14	22
18	18
16	20
27	9
7	29
18	18
20	16
16	20
16	20
33	2
8	28
19	17
26	10
16	20
19	17
19	17
11	25
5	30
13	23
26	9
12	24
13	23
21	15
16	20
19	17
13	23
18	18
14	22
3	33
20	16
19	17
3	33
26	10
16	19
23	13
19	17
23	12
16	20
26	8
9	27
25	11
11	25
5	31
9	27
16	20
13	23
15	21
10	26
7	28
27	9
22	14
23	13
21	14
18	18
24	12
11	25
28	8
18	18
16	20
20	16
5	31
19	17
20	16
20	16
24	12
8	28
1	34
16	20
13	23
25	11
26	10
26	10
16	20
15	21
25	11
33	3
20	16
15	21
15	21
9	27
15	21
14	22
15	21
25	11
21	15
24	12
15	21
32	4
25	11
15	21
19	17
7	29
16	20
25	11
24	12
18	18
16	20
17	19
21	15
8	28
27	9
16	20
27	9
16	20
19	17
13	23
18	18
14	22
28	8
27	9
14	22
20	16
29	7
23	11
19	17
12	24
35	1
16	20
27	9
23	13
16	20
36	0
32	4
15	20
32	4
7	29
25	11
30	6
33	2
22	14
16	20
20	16
0	35
34	2
5	31
32	4
25	11
17	19
18	18
20	16
28	8
18	18
14	21
16	20
31	5
9	27
13	23
25	9
8	28
24	12
22	14
23	13
8	28
16	20
7	29
12	24
22	14
24	12
31	5
11	25
24	12
13	23
13	23
24	12
23	13
20	16
27	9
19	17
22	14
33	3
15	21
19	17
34	1
30	6
18	18
20	16
27	9
35	1
24	12
25	11
28	7
25	11
13	23
15	21
16	20
8	28
12	24
19	17
22	14
23	13
29	7
12	24
25	11
28	8
13	23
24	12
18	18
17	19
29	7
25	11
24	12
21	15
18	18
31	5
20	16
18	18
16	20
25	11
31	5
30	4
25	11
25	10
19	17
15	21
29	7
28	8
19	17
18	18
18	18
26	10
21	15
19	17
20	16
19	17
6	30
22	14
19	17
19	17
27	9
4	32
16	20
16	20
32	4
14	22
31	2
20	16
3	33
25	11
19	17
20	16
29	7
7	29
25	11
31	4
14	22
25	11
26	9
8	28
25	11
4	32
23	13
20	16
27	9
25	11
16	20
28	8
32	4
28	8
9	27
17	19
30	4
19	17
13	23
22	14
30	6
24	12
21	14
19	17
20	16
11	25
27	9
18	18
22	14
17	19
26	10
23	13
17	19
24	12
16	18
23	0
34	1
16	20
21	14
14	22
19	17
2	34
24	12
21	15
33	3
17	19
32	4
12	24
16	20
7	29
13	23
13	23
32	3
6	30
21	15
27	9
10	26
18	18
18	17
33	3
27	9
31	5
29	7
34	2
27	9
19	17
21	15
24	12
8	28
24	12
20	16
12	24
28	8
23	13
27	9
23	13
21	15
12	24
25	11
25	11
15	21
28	7
30	6
7	29
23	9
33	3
26	10
32	4
12	24
11	25
23	13
32	4
30	6
23	13
32	4
32	2
14	22
22	14
24	12
21	15
19	17
15	21
34	2
25	10
26	10
29	7
27	9
19	17
24	12
28	8
32	4
19	17
21	15
14	21
18	17
33	3
21	15
7	29
26	10
11	25
12	24
17	19
27	9
27	9
10	26
29	7
19	17
15	21
25	11
17	19
31	3
26	10
33	2
26	10
29	6
31	5
18	17
12	24
32	4
23	13
10	26
27	9
21	15
19	17
30	6
23	13
21	15
23	13
28	7
21	15
27	0
26	10
25	11
34	2
29	7
4	32
14	22
33	2
24	12
13	23
32	4
34	2
25	10
30	6
26	10
18	18
25	11
19	17
17	19
31	5
23	13
29	7
32	4
22	14
24	12
22	14
13	23
27	9
28	8
32	4
28	8
30	6
27	9
13	23
29	7
24	12
17	19
16	20
20	16
30	6
19	17
14	22
31	5
24	12
23	13
29	7
21	15
15	21
25	11
25	11
15	21
34	2
30	6
25	11
25	11
24	12
11	25
23	13
18	18
21	15
20	16
31	5
22	14
30	6
25	11
23	13
13	23
22	14
19	17
20	16
18	18
24	12
20	16
18	18
24	5
24	12
21	15
24	12
21	15
28	8
11	25
19	17
31	5
24	12
31	5
16	20
22	14
16	20
20	16
28	8
27	9
19	17
24	12
29	7
33	3
17	19
25	11
24	12
19	15
25	11
29	7
24	12
26	10
22	14
18	18
27	9
14	22
26	10
17	19
25	11
24	12
25	10
27	9
27	9
26	10
26	10
31	5
18	18
21	15
28	8
23	13
28	8
27	9
21	15
23	13
28	8
29	7
31	5
20	16
29	7
30	6
16	20
19	17
27	9
27	9
20	16
27	9
26	10
30	6
27	8
25	11
23	13
30	6
18	18
31	5
19	17
32	4
33	3
21	15
17	19
21	15
35	1
26	10
30	6
17	19
29	7
30	6
32	4
32	4
17	19
27	9
33	3
24	12
30	6
19	17
32	4
29	7
21	15
28	8
23	13
15	21
36	0
30	6
24	12
26	10
12	24
16	20
29	7
34	2
25	11
29	7
29	7
30	6
17	19
22	14
16	20
20	16
29	7
27	9
28	8
20	16
29	7
24	12
22	14
29	7
29	7
24	12
23	13
25	11
19	17
22	14
31	5
25	11
21	15
31	3
24	12
30	6
23	13
27	8
29	7
22	14
30	4
35	1
30	6
27	9
20	16
29	7
27	9
16	20
33	1
17	19
7	29
22	14
15	21
14	22
19	17
30	6
32	4
20	16
32	4
30	6
34	2
18	18
19	17
21	15
17	19
19	17
24	12
23	13
24	12
16	20
32	4
26	10
14	22
20	16
22	14
27	9
26	10
27	9
27	9
18	18
32	4
20	16
30	6
27	9
24	12
28	8
33	2
31	4
31	4
21	15
19	17
31	5
12	24
16	20
27	9
31	5
29	7
14	22
22	14
29	7
34	2
27	9
33	1
24	12
16	20
15	21
19	17
28	8
21	15
27	9
34	1
14	22
28	8
24	12
34	2
33	1
12	24
27	9
19	17
27	9
15	17
13	23
23	13
30	6
32	4
33	3
10	26
22	14
31	5
29	7
18	18
9	27
33	1
13	23
33	3
18	18
27	9
26	10
28	7
21	15
30	6
32	4
18	18
19	17
20	16
21	15
25	11
33	3
27	9
30	6
28	8
28	8
25	11
16	20
22	13
27	9
24	12
21	15
22	14
32	4
30	4
24	12
21	15
22	14
25	11
18	18
29	7
21	15
27	9
31	5
20	16
30	6
30	6
24	12
29	7
30	6
7	29
19	16
29	7
23	13
25	11
29	7
16	20
26	10
28	8
30	6
11	25
33	3
21	15
35	1
27	9
30	6
32	4
28	8
24	12
26	10
28	8
29	7
36	0
24	12
24	12
33	3
22	14
22	14
20	16
28	8
31	5
30	6
24	12
25	11
26	10
30	6
27	9
20	16
27	9
24	12
22	14
14	22
26	10
36	0
25	11
28	8
20	16
11	25
18	18
23	13
22	14
30	6
31	5
36	0
4	32
23	13
20	15
30	6
30	6
17	19
27	0
34	2
22	14
5	31
10	26
16	20
18	18
21	15
28	8
25	11
31	5
15	21
20	16
16	20
31	5
29	7
27	9
25	11
24	12
31	1
26	10
32	4
30	6
22	14
31	5
31	5
23	13
29	7
15	21
25	11
28	8
22	14
19	17
23	13
32	4
28	8
31	5
29	7
31	5
24	12
19	17
29	7
30	6
33	3
26	7
22	14
28	8
20	16
27	9
32	4
34	2
19	17
26	1
16	20
32	4
23	12
29	7
24	12
19	17
16	20
4	32
29	7
22	14
25	11
27	9
25	11
35	0
19	17
23	12
31	4
29	7
24	12
33	1
30	6
16	20
30	5
26	10
29	7
32	4
18	18
30	5
13	23
5	31
28	8
21	15
32	4
17	19
24	12
23	13
24	12
28	8
28	8
35	1
8	28
20	16
29	7
19	17
18	18
14	22
30	6
33	3
29	6
31	5
31	5
27	9
26	10
24	12
20	16
17	19
22	14
29	7
18	18
27	9
25	11
24	12
33	3
29	7
27	5
34	2
27	9
11	25
5	31
24	12
13	23
27	9
29	7
25	11
28	8
15	21
15	20
27	9
23	12
19	17
29	7
27	9
29	7
32	4
23	13
29	7
25	11
12	24
16	20
30	6
26	10
21	15
29	7
21	15
22	14
33	0
28	8
20	16
21	15
23	13
29	7
21	15
15	21
22	14
24	12
8	28
16	20
22	14
29	7
26	10
25	11
30	6
31	5
25	11
24	12
24	12
21	15
24	12
26	10
24	12
19	17
22	14
31	5
25	11
26	10
20	16
19	17
12	24
23	13
27	9
31	5
36	0
33	3
34	2
29	7
29	7
27	9
28	8
25	11
31	5
34	2
15	21
35	0
18	18
28	8
29	7
30	6
15	21
24	12
18	18
32	4
34	2
27	9
34	0
35	1
24	12
30	6
20	16
23	13
17	19
20	16
29	7
20	16
34	1
33	3
12	24
32	4
28	8
21	15
25	11
29	7
29	3
15	20
23	13
26	10
18	18
22	14
28	8
27	9
13	23
23	13
25	11
33	2
26	7
23	13
14	22
34	2
21	15
19	17
25	11
25	11
29	7
26	10
23	13
18	18
13	23
29	7
11	25
26	10
25	11
19	16
26	10
11	24
28	8
16	20
19	17
8	28
20	16
30	6
24	12
21	15
24	0
26	10
34	2
23	13
14	21
10	26
27	9
16	20
27	0
27	8
27	6
27	9
30	6
12	24
22	14
27	9
10	26
19	17
31	5
26	10
32	4
25	11
22	14
20	16
14	22
27	9
23	13
23	13
32	0
30	6
17	19
22	14
25	11
16	20
21	15
20	16
29	7
28	8
33	3
24	12
29	7
11	25
16	20
34	2
23	13
20	14
24	12
19	17
28	0
24	12
17	19
24	12
24	12
19	17
23	13
22	14
29	7
20	16
30	6
24	12
22	14
26	10
11	25
31	5
30	6
31	5
10	26
30	6
14	22
25	11
16	20
2	34
22	13
17	19
15	21
31	5
17	18
27	9
21	15
17	19
22	14
29	7
26	10
34	1
31	5
23	13
33	2
25	11
25	11
21	15
28	8
32	4
20	16
23	13
21	15
15	21
13	23
21	15
28	8
23	13
32	3
24	12
26	10
18	18
33	3
33	3
18	18
31	5
25	11
34	2
25	11
23	13
29	7
20	16
17	19
33	3
18	18
27	9
15	21
25	11
17	19
24	12
32	4
24	12
1	35
28	8
23	12
21	15
29	7
27	9
30	6
17	19
24	12
30	6
26	9
29	0
17	19
17	19
27	9
33	3
10	26
22	14
29	7
26	10
27	9
25	11
31	5
24	12
17	19
32	1
29	7
30	6
28	8
16	20
10	26
26	10
22	14
30	6
24	12
28	8
27	9
25	11
30	6
14	22
30	6
29	7
26	10
29	7
21	15
28	8
24	12
33	2
29	7
32	4
25	11
32	4
21	15
27	7
24	12
31	5
29	7
14	22
29	7
23	13
29	7
30	6
25	11
29	7
28	8
29	7
33	2
24	12
29	7
25	11
24	11
27	9
26	10
28	8
24	12
29	7
25	11
30	6
21	15
27	9
17	19
23	13
32	3
27	9
17	19
0	22
28	8
17	19
18	18
17	19
20	15
27	9
27	7
30	6
24	12
19	17
28	8
35	1
17	19
20	16
23	13
33	3
27	9
25	11
30	6
32	4
20	16
18	18
28	8
27	9
33	1
29	7
28	7
27	9
33	0
18	18
26	10
25	11
29	0
15	21
20	16
28	8
26	10
33	3
27	9
20	16
26	10
23	12
27	9
24	12
31	5
22	14
34	2
28	8
27	9
22	14
19	17
21	15
9	27
23	13
20	16
31	5
29	7
22	14
31	5
29	7
25	10
32	4
23	13
20	16
27	9
30	6
20	16
28	8
30	6
32	4
31	2
22	14
27	9
30	6
24	12
34	2
27	9
26	10
13	23
23	13
31	5
33	3
29	7
34	2
26	10
15	21
25	11
28	8
33	3
21	15
28	8
29	7
30	6
21	15
29	7
24	12
26	10
26	10
30	6
18	18
25	11
24	12
25	11
21	15
20	14
29	7
29	7
35	1
26	10
31	5
27	9
31	5
23	13
29	7
32	4
26	10
34	2
32	4
25	11
23	13
23	13
26	10
24	11
18	18
28	8
23	13
33	3
31	5
34	2
23	13
33	3
28	8
32	3
30	6
29	7
27	9
23	13
28	8
27	9
32	3
32	4
19	17
20	14
30	6
27	9
27	9
22	14
22	14
24	12
22	14
31	5
25	11
36	0
27	9
24	12
34	0
30	6
34	2
23	13
31	5
24	12
34	2
32	4
28	8
33	3
22	14
31	5
17	19
26	10
34	2
32	4
28	8
20	16
27	9
28	8
15	21
31	5
34	2
25	11
30	6
32	4
21	15
31	5
23	13
31	5
33	1
28	7
11	25
30	6
27	9
26	10
31	5
31	5
32	4
26	10
21	15
35	0
34	2
25	11
28	8
14	22
21	15
29	7
22	14
30	6
21	15
30	6
26	10
24	12
28	8
31	5
23	13
20	16
26	10
31	5
26	10
30	6
27	9
34	2
29	7
27	9
23	13
24	12
26	10
29	7
28	8
33	3
32	4
33	3
27	9
28	8
27	9
26	10
23	13
23	13
20	16
25	10
23	13
29	7
30	6
31	5
29	6
16	20
26	10
25	11
24	12
30	6
29	7
26	10
26	10
28	8
32	2
26	10
32	4
30	6
22	14
26	10
32	4
22	14
10	26
31	5
33	3
31	4
29	7
26	10
29	7
21	15
23	12
25	11
29	7
20	16
23	13
27	9
17	19
30	6
35	1
30	6
33	3
30	6
34	0
35	0
21	15
27	9
31	5
22	14
18	18
26	10
31	5
28	8
23	13
25	11
21	15
17	19
16	20
24	12
27	9
28	8
30	6
16	19
30	6
30	6
26	10
21	15
32	1
27	9
18	18
28	8
34	2
25	11
26	10
29	7
33	2
29	7
28	8
34	2
31	5
23	13
20	16
26	10
33	3
16	20
25	11
30	6
28	8
23	13
15	21
34	2
30	2
31	5
23	13
16	20
28	8
35	1
14	22
29	7
27	9
23	13
23	13
13	23
26	10
24	12
31	0
23	13
30	6
25	11
28	8
34	0
29	7
32	3
28	8
30	6
27	9
19	17
23	13
33	3
28	8
23	3
31	5
30	6
21	15
25	11
23	13
34	1
34	2
20	16
31	5
12	24
30	5
32	3
26	10
24	12
22	14
27	9
27	9
35	1
24	12
30	6
14	22
25	11
25	11
28	8
28	8
23	13
6	30
33	1
33	3
28	8
26	10
26	10
26	9
34	0
23	13
29	7
24	12
28	8
19	14
26	10
27	9
23	13
32	4
28	8
27	9
34	1
20	16
34	2
23	13
19	17
31	5
28	8
28	8
23	13
22	14
31	0
34	0
27	9
34	0
29	7
29	7
30	6
21	15
30	6
32	4
26	10
28	8
33	3
35	1
31	5
26	10
27	9
31	5
24	12
31	5
28	8
10	26
35	1
32	4
34	1
29	7
34	2
25	11
23	13
24	12
30	6
23	13
31	5
26	10
14	22
28	8
14	22
30	6
19	17
30	6
17	19
33	3
23	13
15	21
35	1
29	7
33	1
33	3
29	7
31	5
32	4
29	7
30	6
34	2
29	7
24	12
26	10
30	6
31	5
28	8
33	3
26	10
32	3
31	5
30	6
22	14
32	3
26	10
29	7
18	18
29	7
29	7
33	3
18	18
34	2
10	26
28	8
28	0
24	12
31	5
31	4
25	11
22	14
21	15
29	6
25	11
26	10
29	7
20	16
23	13
35	1
30	6
28	8
29	7
20	16
23	13
28	8
25	11
33	2
24	12
31	0
23	13
24	12
34	2
30	6
29	7
32	2
32	4
27	9
29	7
30	6
32	4
22	14
30	6
27	9
28	8
22	14
30	6
23	13
25	11
19	17
23	13
22	14
29	7
30	6
24	12
25	9
34	2
18	18
29	7
31	5
29	7
32	4
26	10
24	12
34	2
24	12
28	8
12	24
21	15
34	2
30	6
19	17
34	2
25	11
23	13
29	7
33	3
25	11
3	33
32	4
31	5
30	6
31	5
27	9
28	8
22	14
29	7
31	5
30	6
18	18
25	11
31	5
25	11
20	16
32	4
30	6
23	13
24	12
19	16
28	7
34	1
25	11
28	8
24	12
23	13
29	7
32	4
31	5
24	12
28	8
26	10
31	5
26	10
16	20
33	2
30	6
28	8
25	11
30	6
27	9
23	12
17	19
29	7
25	5
32	2
27	9
30	6
29	7
21	15
24	12
28	8
31	3
29	7
32	3
33	0
13	23
7	29
32	0
18	18
15	21
19	17
31	5
29	7